       0/9        0G    0.1077   0.03674         0    0.1444         7       640         0         0   0.02823  0.005835   0.05063   0.03569         0
       1/9        0G    0.0902   0.03231         0    0.1225         7       640  0.007107   0.08333  0.003226 0.0007891   0.06071   0.03665         0
       2/9        0G   0.08545   0.03082         0    0.1163         3       640         0         0 0.0008895 0.0001143   0.06475   0.03798         0
       3/9        0G   0.08221   0.03237         0    0.1146         7       640 0.0009841   0.08333  0.003228 0.0003679   0.06485    0.1275         0
       4/9        0G   0.08377   0.03234         0    0.1161         6       640   0.01887   0.04167   0.01423  0.001924   0.05053   0.03158         0
       5/9        0G   0.08323   0.03213         0    0.1154         5       640   0.02511   0.04167   0.00732 0.0009822     0.051    0.0269         0
       6/9        0G   0.08092   0.03064         0    0.1116         7       640         0         0  0.008646  0.002184   0.04724   0.02966         0
       7/9        0G   0.07894   0.03085         0    0.1098         8       640         0         0   0.01874   0.00252   0.04464   0.03053         0
       8/9        0G    0.0785   0.03131         0    0.1098         4       640         0         0   0.01287  0.001885   0.04372   0.03085         0
       9/9        0G    0.0757   0.03404         0    0.1097         9       640         0         0  0.009169  0.001442    0.0463   0.02918         0
